23068992
3592421976
1778385736
1052771392
327157072
3474982480
4083157072
150996824
817891920
1180698952
759171904
3602910536
396364872
3240103496
2877296472
2514489416
3133158786
2407544448
2151682384
3485471552
3800054148
171981446
4104141700
3122664512
2652913026
1927298694
1201684352
838877316
476070272
113263236
3682616198
1788875352
1142965632
2397050176
3986704258
3261089926
2535475588
1809861252
1447054210
1084247172
721440134
2034243136
3927986054
3202371718
2113950080
1751143042
1388336002
662721670
299914630
3869267586
3506460544
3143653504
2780846466
2418039430
1692425088
1329618052
1671436112
604003974
3810549638
3447742598
3084935552
1633706626
1308629056
4114637954
1975523928
3389023878
1612716888
4152367440
4055918982
3330304642
2967497602
2241883270
790654342
2545970820
2183163782
1094742144
369127812
3730841152
524295232
1553997888
3309314648
2065725058
977303424
4183849090
2946507584